Date_Time,Temperature_C,Dew_Point_C,Humidity,Wind,Speed_m/s,Gust_m/s,Pressure_Pa,Precip_Rate_mm,Precip_Accum_mm,UV,Solar_W/m2
2019-01-01 12:00 AM,4.61111111111111,0.7222222222222207,76.0,315.0,0.0,0.44702726866338843,102934.4,0.0,0.0,0,0.0
2019-01-01 12:15 AM,4.61111111111111,0.8888888888888897,77.0,0.0,0.0,1.3410818059901652,102968.26,0.0,0.0,0,0.0
2019-01-01 12:30 AM,4.722222222222222,0.8333333333333334,76.0,112.5,0.0,0.8940545373267769,102968.26,0.0,0.0,0,0.0
2019-01-01 12:45 AM,4.722222222222222,0.8333333333333334,76.0,337.5,0.44702726866338843,1.3410818059901652,102968.26,0.0,0.0,0,0.0
2019-01-01 1:00 AM,4.61111111111111,0.8888888888888897,77.0,0.0,0.0,1.3410818059901652,102968.26,0.0,0.0,0,0.0
2019-01-01 1:15 AM,4.388888888888888,0.7222222222222207,77.0,337.5,0.44702726866338843,1.3410818059901652,103002.12000000001,0.0,0.0,0,0.0
2019-01-01 1:30 AM,4.2777777777777795,0.6111111111111119,77.0,315.0,0.8940545373267769,2.6821636119803305,103002.12000000001,0.0,0.0,0,0.0
2019-01-01 1:45 AM,3.888888888888889,0.22222222222222143,77.0,315.0,0.8940545373267769,1.7881090746535537,103035.98,0.0,0.0,0,0.0
2019-01-01 2:00 AM,3.7777777777777763,0.11111111111111269,77.0,315.0,0.44702726866338843,1.3410818059901652,103035.98,0.0,0.0,0,0.0
2019-01-01 2:15 AM,3.7777777777777763,0.33333333333333415,78.0,315.0,0.8940545373267769,1.7881090746535537,103069.84000000001,0.0,0.0,0,0.0
2019-01-01 2:30 AM,3.7777777777777763,0.33333333333333415,78.0,315.0,0.8940545373267769,1.7881090746535537,103069.84000000001,0.0,0.0,0,0.0
2019-01-01 2:45 AM,3.611111111111111,0.11111111111111269,78.0,315.0,0.44702726866338843,1.7881090746535537,103103.7,0.0,0.0,0,0.0
2019-01-01 3:00 AM,3.3888888888888897,0.11111111111111269,79.0,315.0,0.0,0.8940545373267769,103103.7,0.0,0.0,0,0.0
2019-01-01 3:15 AM,3.277777777777777,0.0,79.0,0.0,0.0,0.8940545373267769,103137.56,0.0,0.0,0,0.0
2019-01-01 3:30 AM,3.111111111111112,-0.16666666666666707,79.0,0.0,0.0,0.8940545373267769,103137.56,0.0,0.0,0,0.0
2019-01-01 3:45 AM,2.999999999999999,-0.11111111111111072,80.0,315.0,0.44702726866338843,1.3410818059901652,103137.56,0.0,0.0,0,0.0
2019-01-01 4:00 AM,2.8888888888888906,-0.22222222222222143,80.0,315.0,0.44702726866338843,1.7881090746535537,103137.56,0.0,0.0,0,0.0
2019-01-01 4:15 AM,2.7777777777777777,-0.11111111111111072,81.0,315.0,0.8940545373267769,1.7881090746535537,103137.56,0.0,0.0,0,0.0
2019-01-01 4:30 AM,2.7222222222222214,-0.22222222222222143,81.0,315.0,0.44702726866338843,1.7881090746535537,103137.56,0.0,0.0,0,0.0
2019-01-01 4:45 AM,2.7222222222222214,-0.3888888888888885,80.0,315.0,0.44702726866338843,1.7881090746535537,103103.7,0.0,0.0,0,0.0
2019-01-01 5:00 AM,2.6111111111111125,-0.4999999999999992,80.0,315.0,0.44702726866338843,1.3410818059901652,103103.7,0.0,0.0,0,0.0
2019-01-01 5:15 AM,2.5,-0.44444444444444486,81.0,315.0,0.0,1.3410818059901652,103137.56,0.0,0.0,0,0.0
2019-01-01 5:30 AM,2.5,-0.2777777777777778,82.0,315.0,0.8940545373267769,1.3410818059901652,103137.56,0.0,0.0,0,0.0
2019-01-01 5:45 AM,2.6111111111111125,-0.16666666666666707,82.0,315.0,0.44702726866338843,0.8940545373267769,103137.56,0.0,0.0,0,0.0
2019-01-01 6:00 AM,2.6111111111111125,-0.16666666666666707,82.0,315.0,0.44702726866338843,0.8940545373267769,103137.56,0.0,0.0,0,0.0
2019-01-01 6:15 AM,2.5,-0.2777777777777778,82.0,0.0,0.0,1.3410818059901652,103137.56,0.0,0.0,0,0.0
2019-01-01 6:30 AM,2.5,-0.2777777777777778,82.0,315.0,0.44702726866338843,1.3410818059901652,103171.42,0.0,0.0,0,0.0
2019-01-01 6:45 AM,2.3888888888888875,-0.33333333333333415,82.0,315.0,0.44702726866338843,1.7881090746535537,103171.42,0.0,0.0,0,0.0
2019-01-01 7:00 AM,2.2777777777777786,-0.44444444444444486,82.0,315.0,0.0,1.3410818059901652,103171.42,0.0,0.0,0,0.0
2019-01-01 7:15 AM,2.2777777777777786,-0.44444444444444486,82.0,315.0,0.0,0.8940545373267769,103205.28,0.0,0.0,0,0.0
2019-01-01 7:30 AM,2.2777777777777786,-0.2777777777777778,83.0,0.0,0.0,0.8940545373267769,103205.28,0.0,0.0,0,0.0
2019-01-01 7:45 AM,2.2777777777777786,-0.2777777777777778,83.0,315.0,0.44702726866338843,1.3410818059901652,103205.28,0.0,0.0,0,0.0
2019-01-01 8:00 AM,2.2777777777777786,-0.2777777777777778,83.0,0.0,0.0,0.8940545373267769,103205.28,0.0,0.0,0,5.0
2019-01-01 8:15 AM,2.3888888888888875,-0.16666666666666707,83.0,0.0,0.0,0.44702726866338843,103205.28,0.0,0.0,0,11.0
2019-01-01 8:30 AM,2.3888888888888875,-0.16666666666666707,83.0,0.0,0.0,0.0,103205.28,0.0,0.0,0,23.0
2019-01-01 8:45 AM,2.6111111111111125,0.0,83.0,0.0,0.0,0.8940545373267769,103205.28,0.0,0.0,0,26.0
2019-01-01 9:00 AM,2.7777777777777777,0.22222222222222143,83.0,0.0,0.0,0.44702726866338843,103205.28,0.0,0.0,0,37.0
2019-01-01 9:15 AM,2.8888888888888906,0.2777777777777778,83.0,0.0,0.0,0.0,103239.14,0.0,0.0,0,53.0
2019-01-01 9:30 AM,3.111111111111112,0.4999999999999992,83.0,315.0,0.0,0.8940545373267769,103239.14,0.0,0.0,0,69.0
2019-01-01 9:45 AM,3.111111111111112,0.4999999999999992,83.0,315.0,0.8940545373267769,1.3410818059901652,103239.14,0.0,0.0,0,98.0
2019-01-01 10:00 AM,3.111111111111112,0.33333333333333415,82.0,315.0,0.8940545373267769,1.7881090746535537,103239.14,0.0,0.0,0,97.0
2019-01-01 10:15 AM,3.2222222222222205,0.44444444444444287,82.0,315.0,0.44702726866338843,1.3410818059901652,103205.28,0.0,0.0,0,93.0
2019-01-01 10:30 AM,3.3888888888888897,0.6111111111111119,82.0,292.5,0.44702726866338843,2.235136343316942,103205.28,0.0,0.0,1,171.0
2019-01-01 10:45 AM,4.000000000000002,1.2222222222222239,82.0,270.0,0.8940545373267769,2.235136343316942,103171.42,0.0,0.0,1,199.0
2019-01-01 11:00 AM,4.61111111111111,1.7777777777777795,82.0,292.5,0.44702726866338843,1.7881090746535537,103171.42,0.0,0.0,1,318.0
2019-01-01 11:15 AM,5.38888888888889,2.5555555555555562,82.0,270.0,0.8940545373267769,1.7881090746535537,103137.56,0.0,0.0,1,350.0
2019-01-01 11:30 AM,5.7222222222222205,2.5,80.0,292.5,0.44702726866338843,1.3410818059901652,103103.7,0.0,0.0,1,181.0
2019-01-01 11:45 AM,5.7222222222222205,2.5,80.0,0.0,0.0,0.8940545373267769,103069.84000000001,0.0,0.0,1,130.0
2019-01-01 12:00 PM,5.777777777777777,2.6111111111111125,80.0,0.0,0.0,0.44702726866338843,103069.84000000001,0.0,0.0,1,281.0
2019-01-01 12:15 PM,6.222222222222224,2.999999999999999,80.0,0.0,0.0,0.8940545373267769,103002.12000000001,0.0,0.0,1,387.0
2019-01-01 12:30 PM,6.7777777777777795,3.0555555555555554,77.0,0.0,0.0,0.8940545373267769,102968.26,0.0,0.0,1,403.0
2019-01-01 12:45 PM,7.000000000000001,3.0555555555555554,76.0,180.0,0.44702726866338843,2.235136343316942,102934.4,0.0,0.0,1,401.0
2019-01-01 1:00 PM,7.11111111111111,2.944444444444443,75.0,247.5,0.44702726866338843,1.7881090746535537,102866.68,0.0,0.0,1,385.0
2019-01-01 1:15 PM,6.888888888888888,2.7777777777777777,75.0,270.0,0.8940545373267769,2.235136343316942,102832.82,0.0,0.0,1,385.0
2019-01-01 1:30 PM,7.222222222222222,3.0555555555555554,75.0,270.0,0.44702726866338843,2.235136343316942,102798.95999999999,0.0,0.0,1,374.0
2019-01-01 1:45 PM,7.222222222222222,2.8888888888888906,74.0,270.0,0.8940545373267769,2.235136343316942,102765.1,0.0,0.0,1,353.0
2019-01-01 2:00 PM,7.222222222222222,2.8888888888888906,74.0,247.5,0.8940545373267769,2.6821636119803305,102697.37999999999,0.0,0.0,1,343.0
2019-01-01 2:15 PM,7.5,2.944444444444443,73.0,225.0,0.8940545373267769,2.6821636119803305,102663.52,0.0,0.0,1,323.0
2019-01-01 2:30 PM,7.3888888888888875,2.8888888888888906,73.0,247.5,1.3410818059901652,3.5762181493071075,102663.52,0.0,0.0,1,267.0
2019-01-01 2:45 PM,7.277777777777778,2.944444444444443,74.0,247.5,1.3410818059901652,3.129190880643719,102629.65999999999,0.0,0.0,0,257.0
2019-01-01 3:00 PM,7.11111111111111,2.944444444444443,75.0,202.5,1.3410818059901652,3.5762181493071075,102629.65999999999,0.0,0.0,0,216.0
2019-01-01 3:15 PM,7.11111111111111,3.1666666666666683,76.0,247.5,0.8940545373267769,1.3410818059901652,102629.65999999999,0.0,0.0,0,181.0
2019-01-01 3:30 PM,7.222222222222222,3.0555555555555554,75.0,202.5,0.44702726866338843,2.6821636119803305,102629.65999999999,0.0,0.0,0,144.0
2019-01-01 3:45 PM,6.7777777777777795,2.8888888888888906,76.0,112.5,0.8940545373267769,2.235136343316942,102663.52,0.0,0.0,0,107.0
2019-01-01 4:00 PM,6.7777777777777795,2.8888888888888906,76.0,0.0,0.0,1.3410818059901652,102663.52,0.0,0.0,0,79.0
2019-01-01 4:15 PM,6.722222222222223,2.7777777777777777,76.0,247.5,0.8940545373267769,2.6821636119803305,102629.65999999999,0.0,0.0,0,49.0
2019-01-01 4:30 PM,6.611111111111111,2.833333333333334,77.0,225.0,0.8940545373267769,1.7881090746535537,102595.8,0.0,0.0,0,26.0
2019-01-01 4:45 PM,6.222222222222224,2.666666666666665,78.0,225.0,1.7881090746535537,4.470272686633884,102595.8,0.0,0.0,0,11.0
2019-01-01 5:00 PM,5.777777777777777,2.6111111111111125,80.0,225.0,1.7881090746535537,3.5762181493071075,102561.94,0.0,0.0,0,0.0
2019-01-01 5:15 PM,5.499999999999999,2.5,81.0,202.5,1.3410818059901652,3.129190880643719,102528.08,0.0,0.0,0,0.0
2019-01-01 5:30 PM,5.277777777777778,2.5,82.0,202.5,0.8940545373267769,2.6821636119803305,102528.08,0.0,0.0,0,0.0
2019-01-01 5:45 PM,5.222222222222221,2.5555555555555562,83.0,202.5,0.44702726866338843,2.235136343316942,102528.08,0.0,0.0,0,0.0
2019-01-01 6:00 PM,5.1111111111111125,2.4444444444444438,83.0,202.5,0.8940545373267769,3.129190880643719,102494.22,0.0,0.0,0,0.0
2019-01-01 6:15 PM,4.8888888888888875,2.4444444444444438,84.0,225.0,0.8940545373267769,3.129190880643719,102460.36,0.0,0.0,0,0.0
2019-01-01 6:30 PM,4.777777777777779,2.333333333333335,84.0,202.5,0.8940545373267769,3.129190880643719,102460.36,0.0,0.0,0,0.0
2019-01-01 6:45 PM,4.722222222222222,2.3888888888888875,85.0,180.0,0.44702726866338843,1.7881090746535537,102426.5,0.0,0.0,0,0.0
2019-01-01 7:00 PM,4.61111111111111,2.2777777777777786,85.0,202.5,0.8940545373267769,2.6821636119803305,102426.5,0.0,0.0,0,0.0
2019-01-01 7:15 PM,4.61111111111111,2.2777777777777786,85.0,202.5,0.8940545373267769,2.6821636119803305,102358.78,0.0,0.0,0,0.0
2019-01-01 7:30 PM,4.388888888888888,2.1111111111111094,85.0,202.5,0.8940545373267769,2.235136343316942,102358.78,0.0,0.0,0,0.0
2019-01-01 7:45 PM,4.2777777777777795,2.166666666666666,86.0,202.5,1.3410818059901652,3.129190880643719,102324.92,0.0,0.0,0,0.0
2019-01-01 8:00 PM,4.2777777777777795,2.166666666666666,86.0,202.5,0.8940545373267769,2.6821636119803305,102324.92,0.0,0.0,0,0.0
2019-01-01 8:15 PM,4.222222222222223,2.055555555555557,86.0,202.5,0.8940545373267769,2.235136343316942,102291.06,0.0,0.0,0,0.0
2019-01-01 8:30 PM,4.111111111111111,1.9444444444444444,86.0,202.5,0.44702726866338843,1.7881090746535537,102257.2,0.0,0.0,0,0.0
2019-01-01 8:45 PM,4.111111111111111,2.1111111111111094,87.0,202.5,0.44702726866338843,0.8940545373267769,102257.2,0.0,0.0,0,0.0
2019-01-01 9:00 PM,4.000000000000002,1.8888888888888882,86.0,0.0,0.0,0.8940545373267769,102223.34000000001,0.0,0.0,0,0.0
2019-01-01 9:15 PM,3.888888888888889,1.9444444444444444,87.0,0.0,0.0,0.0,102189.48,0.0,0.0,0,0.0
2019-01-01 9:30 PM,3.7222222222222237,1.722222222222223,87.0,225.0,0.44702726866338843,1.3410818059901652,102155.62000000001,0.0,0.0,0,0.0
2019-01-01 9:45 PM,3.3888888888888897,1.4444444444444453,87.0,270.0,0.0,1.7881090746535537,102155.62000000001,0.0,0.0,0,0.0
2019-01-01 10:00 PM,3.2222222222222205,1.2222222222222239,87.0,270.0,0.44702726866338843,1.7881090746535537,102121.76,0.0,0.0,0,0.0
2019-01-01 10:15 PM,2.8888888888888906,1.1111111111111112,88.0,0.0,0.0,0.0,102121.76,0.0,0.0,0,0.0
2019-01-01 10:30 PM,2.7777777777777777,0.9999999999999984,88.0,0.0,0.0,0.0,102087.9,0.0,0.0,0,0.0
2019-01-01 10:45 PM,2.7222222222222214,0.8888888888888897,88.0,270.0,0.44702726866338843,1.3410818059901652,102087.9,0.0,0.0,0,0.0
2019-01-01 11:00 PM,2.6111111111111125,0.8333333333333334,88.0,270.0,0.0,0.8940545373267769,102054.04000000001,0.0,0.0,0,0.0
2019-01-01 11:15 PM,2.2777777777777786,0.4999999999999992,88.0,45.0,0.44702726866338843,1.3410818059901652,102020.18,0.0,0.0,0,0.0
2019-01-01 11:30 PM,2.000000000000001,0.22222222222222143,88.0,315.0,0.44702726866338843,1.3410818059901652,102020.18,0.0,0.0,0,0.0
2019-01-01 11:45 PM,1.7777777777777795,0.0,88.0,315.0,0.44702726866338843,1.3410818059901652,102020.18,0.0,0.0,0,0.0
